# 範例格式.
eval_accuracy = 0.8792814
eval_f1 = 0.8148148